1790850397 490543156 2
1790850402 490046404 4
1790850407 488360856 4866
1790850412 484958816 5754
1790850417 482149528 5766
1790850422 465898556 7696
1790850427 452238572 8694
1790850432 436058044 9982
1790850437 422563732 11064
1790850442 406492452 11850
1790850447 393040308 13150
1790850452 378524772 14210
1790850457 374098148 10548
1790850462 374283628 15040
1790850467 374189164 15060
1790850472 374274752 15180
1790850477 374254952 15180
1790850482 374269780 15180
1790850487 374131300 15180
1790850492 374197100 15182
1790850497 374217440 15192
1790850502 374247044 15192
1790850507 374313676 15192
1790850512 374191428 15192
1790850518 374208868 15192
1790850523 374223308 15200
1790850528 324016628 22728
1790850533 262174828 22728
1790850538 261866336 22728
1790850543 261697356 22728
1790850548 261833556 23096
1790850553 261773168 23106
1790850558 261791068 23106
1790850563 261757200 23106
1790850568 261784492 23246
1790850573 261579380 23246
1790850578 261415932 23246
1790850583 261344908 23246
1790850588 261291932 23786
1790850593 261203708 23786
1790850598 261221256 23786
1790850603 261074940 23786
1790850608 261196652 23788
1790850613 261178596 23788
1790850618 261209600 23788
1790850623 261216004 23788
1790850628 261298940 23788
1790850633 261169916 23788
1790850638 261160180 23788
1790850643 261087280 23788
1790850648 261239416 23788
1790850653 261458256 23788
1790850658 261433540 23788
1790850663 261259528 22968
1790850668 261389520 22970
1790850673 261168628 22970
1790850678 261106552 22970
1790850683 260928560 22970
1790850688 260784464 22970
1790850693 260650660 22970
1790850698 260598296 22970
1790850703 260545348 22970
1790850708 260459048 22970
1790850713 260535636 22970
1790850718 260423284 22970
1790850723 260147612 22970
1790850728 260199120 22970
1790850734 260283104 22970
1790850739 260049944 22970
1790850744 260150796 22970
1790850749 259932900 22970
1790850754 259641636 22970
1790850759 259746460 22970
1790850764 259764940 22970
1790850769 259709356 22970
1790850774 259573452 22970
1790850779 259421092 22970
1790850784 259175888 22970
1790850789 259080180 22970
1790850794 258934816 23152
1790850799 258837532 23152
1790850804 258839628 23152
1790850809 258835092 23152
1790850814 258877328 23152
1790850819 258945736 23152
1790850824 258898984 23152
1790850829 258859336 23152
1790850834 258852536 23152
1790850839 258914780 23152
1790850844 258774636 23152
1790850849 258731316 23152
1790850854 258777372 23152
1790850859 258772736 23152
1790850864 258794636 23152
1790850869 258865544 23152
1790850874 258773584 23152
1790850879 258780700 23152
1790850884 258815448 23152
1790850889 258796272 23152
1790850894 258857380 23152
1790850899 258885568 23152
1790850904 258723740 23186
1790850909 258756440 23186
1790850914 258824464 23186
1790850919 258760760 23186
1790850924 258742016 23186
1790850929 258761040 23186
1790850934 258721012 23186
1790850939 258742452 23186
1790850945 258729608 23186
1790850950 258655520 23186
1790850955 258648844 23186
1790850960 258677200 23186
1790850965 258554932 23186
1790850970 258524864 23186
1790850975 258582208 23186
1790850980 258527920 23186
1790850985 258615112 23186
1790850990 258654424 23186
1790850995 258518520 23186
1790851000 258865824 23186
1790851005 258837652 23186
1790851010 258794060 23186
1790851015 258820568 23186
1790851020 258933564 23186
1790851025 258832768 23186
1790851030 258811024 23186
1790851035 258899272 23186
1790851040 258890024 23186
1790851045 258951892 23186
1790851050 258944444 23186
1790851055 258914764 23186
1790851060 258914320 23186
1790851065 258902944 23186
1790851070 258891580 23186
1790851075 258812392 23186
1790851080 258851576 23186
1790851085 258836664 23186
1790851090 258877652 23186
1790851095 258928824 23186
1790851100 258898952 23186
1790851105 259116996 23186
1790851110 259064112 23208
1790851115 259161796 23208
1790851121 259172976 23208
1790851126 259118260 23208
1790851131 258854204 23208
1790851136 259162648 23208
1790851141 259174304 23208
1790851146 259180900 23208
1790851151 259212816 23208
1790851156 259195356 23208
1790851161 259224476 23208
1790851166 259277344 23208
1790851171 259126704 23208
1790851176 259154908 23208
1790851181 259187768 23208
1790851186 259246156 23208
1790851191 259244136 23208
1790851196 259202820 23208
1790851201 259102644 23208
1790851206 259100696 23208
1790851211 259206808 23208
1790851216 259175988 23208
1790851221 259192784 23208
1790851226 259182660 23208
1790851231 259150984 23208
1790851236 259171604 23208
1790851241 259232148 23218
1790851246 259171224 23218
1790851251 259214496 23218
1790851256 259236116 23218
1790851261 259155636 23218
1790851266 259097964 23218
1790851271 259170964 23218
1790851276 259130572 23218
1790851281 259158004 23218
1790851286 259185616 23218
1790851291 259894652 23218
1790851296 259906400 23218
1790851301 259931604 23218
1790851307 259998044 23218
1790851312 260030828 23218
1790851317 260020612 23218
1790851322 259932624 23218
1790851327 259835188 23218
1790851332 259944772 23218
1790851337 259930884 23218
1790851342 259897188 23218
1790851347 259935748 23218
1790851352 259870300 23218
1790851357 259816500 23218
1790851362 259766676 23218
1790851367 259842796 23218
1790851372 259764484 23218
1790851377 259819716 23218
1790851382 259751864 23218
1790851387 259768200 23218
1790851392 259908640 23218
1790851397 259869716 23218
1790851402 259862764 23218
1790851407 259808716 23218
1790851412 259839668 23218
1790851417 259822488 23218
1790851422 259871540 23218
1790851427 259847356 23218
1790851432 259877484 23218
1790851437 259941020 23218
1790851442 259851412 23218
1790851447 259947880 23218
1790851452 259801388 23218
1790851457 259905416 23218
1790851462 259833160 23218
1790851467 259868836 23218
1790851472 259807964 23218
1790851477 259788396 23218
1790851482 259841072 23218
1790851487 259866032 23218
1790851493 259816316 23218
1790851498 259808708 23218
1790851503 259886760 23218
1790851508 259597956 23218
1790851513 259569976 23218
1790851518 259543704 23218
1790851523 259602476 23218
1790851528 259513204 23218
1790851533 259478876 23218
1790851538 259493892 23218
1790851543 259549076 23218
1790851548 259579676 23218
1790851553 259538044 23218
1790851558 259536592 23218
1790851563 260031396 23218
1790851568 260224432 23218
1790851573 260174492 23218
1790851578 260195208 23218
1790851583 260193380 23218
1790851588 259998500 23218
1790851593 259736104 22796
1790851598 259769368 22796
1790851603 259775600 22796
1790851608 259726796 22796
1790851613 259760416 22796
1790851618 259800152 22796
1790851623 259782656 22796
1790851628 259735232 22796
1790851633 259797760 22796
1790851638 259785944 22796
1790851643 259834332 22796
1790851648 259815568 22796
1790851653 259733296 22796
1790851658 259817184 22796
1790851663 259784748 22796
1790851668 259822836 22796
1790851673 259669016 22796
1790851678 259754664 22796
1790851683 259662868 22796
1790851688 259705988 22796
1790851693 259691000 22796
1790851699 259758908 22796
1790851704 259806724 22796
1790851709 259690616 22796
1790851714 259590960 22796
1790851719 259625776 22796
1790851724 259678764 22796
1790851729 259702912 22796
1790851734 259943080 22796
1790851739 259942284 22796
1790851744 259952320 22796
1790851749 259960372 22796
1790851754 259989048 22796
1790851759 259982044 22796
1790851764 260016612 22796
1790851769 260143912 22796
1790851774 259999328 22796
1790851779 260056376 22796
1790851784 260069188 22796
1790851789 260145924 22796
1790851794 260057228 22796
1790851799 260090040 22796
1790851804 490474164 2
1790851809 490499752 2
1790851814 490601524 2
1790851819 490588636 2
1790851824 490391008 2
1790851829 490173376 4
1790851834 488315304 5734
1790851839 484970356 5754
1790851844 479629552 6734
1790851849 463399544 7802
1790851854 450121432 9102
1790851859 433618440 10092
1790851864 417311480 11078
1790851869 401203068 12462
1790851875 387847620 13446
1790851880 374304028 14748
1790851885 374287800 10554
1790851890 374395988 15060
1790851895 374327272 15180
1790851900 374303212 15180
1790851905 374347680 15180
1790851910 374363232 15180
1790851915 374329304 15180
1790851920 374289424 15184
1790851925 374435684 15192
1790851930 374404644 15192
1790851935 374353212 15192
1790851940 374554288 15192
1790851945 374511780 15192
1790851950 374439340 15200
1790851955 274531076 22728
1790851960 262278732 22728
1790851965 262248048 23092
1790851970 262209944 23096
1790851975 262260528 23096
1790851980 262313900 23096
1790851985 262111284 23096
1790851990 262068192 23096
1790851995 261981432 23096
1790852000 261881904 23096
1790852005 261866240 23096
1790852010 261656100 23096
1790852015 261628616 23096
1790852020 261706928 23096
1790852025 261798520 23096
1790852030 261396912 23096
1790852035 261432236 23096
1790852040 261459248 23096
1790852045 261510172 23096
1790852050 261543988 23096
1790852055 261698920 23096
1790852060 261595700 23096
1790852066 261537500 23096
1790852071 261107536 23096
1790852076 260929692 22956
1790852081 261001924 23142
1790852086 261038508 23142
1790852091 261039848 23142
1790852096 261090500 23142
1790852101 261078240 23142
1790852106 261088580 23142
1790852111 261066908 23142
1790852116 261089928 23142
1790852121 261076796 23142
1790852126 261160068 23142
1790852131 261005532 23142
1790852136 261002972 23142
1790852141 261025836 23142
1790852146 260958012 23142
1790852151 260730140 23142
1790852156 260847360 23142
1790852161 260753944 23142
1790852166 260814528 23142
1790852171 260831820 23142
1790852176 260852548 23142
1790852181 260930944 23142
1790852186 260934296 23142
1790852191 260765224 23142
1790852196 260760452 23142
1790852201 260815328 23142
1790852206 260783460 23142
1790852211 260822024 23142
1790852216 260827440 23142
1790852221 260882440 23142
1790852226 260736888 23142
1790852231 260763384 23142
1790852236 260686840 23142
1790852241 263015436 23142
